# Created by Octave 4.0.2, Wed Jun 07 17:44:32 2017 Mitteleuropäische Sommerzeit <unknown@DESKTOP-3KUA0V9>
# name: eigenwerte
# type: matrix
# rows: 12
# columns: 5
 -6.403124237432849 -11.21207538014843 -16.14941008317288 -21.11519639349255 -26.09369268362503
 -6.361191468858715 -10.77032961426901 -15.52417469626003 -20.39607805437114 -25.31797780234433
 -5.000000000000002 -10 -15 -20 -25.00000000000001
 -4.632660943849374 -9.288889346122112 -14.1843341147033 -19.13499645210102 -24.1064107735416
 -0.2714694749906602 -0.07681396597368884 -0.0349240315304129 -0.01980005860846374 -0.01271808991657634
 -1.014253347544024e-015 -1.08720304917396e-016 -1.665546929063037e-015 -2.806458594162723e-015 -1.301514169266685e-015
 8.477198938502539e-016 1.314841011699112e-015 1.651235460391731e-015 6.598585713288365e-016 1.408688401079698e-015
 0.2714694749906603 0.07681396597368988 0.0349240315304141 0.01980005860846338 0.01271808991657545
 4.632660943849374 9.288889346122108 14.18433411470329 19.13499645210102 24.10641077354161
 4.999999999999998 9.999999999999993 15.00000000000001 20 25.00000000000001
 6.361191468858717 10.77032961426901 15.52417469626003 20.39607805437114 25.31797780234434
 6.403124237432849 11.21207538014843 16.14941008317288 21.11519639349256 26.09369268362503


